[0, 1]
[0, 1]
[2, 5]
[0]
[0, 1, 2, 3, 4, 5, 6, 7, 9, 11]
[0, 1, 3, 5, 6, 9, 12]
[0, 1, 2, 4, 5, 6, 7, 8, 9, 11]
[0, 1, 2, 3, 4, 6, 8, 9, 10, 12]
[0, 1, 2, 3, 5, 6, 7, 8, 9, 10, 11]
[0, 1, 2, 3, 5, 7, 8, 9, 10, 11, 12]
[0, 1, 2, 3, 4, 5, 7, 8, 9]
[0, 1, 3, 5, 6, 7, 8, 10]
[0, 1, 3, 4, 5, 6, 7, 8, 9, 10, 11, 12]
[0, 2, 3, 4, 5, 6, 7]
[0, 1, 2, 4, 6, 7, 9]
[0, 1, 2, 3, 4, 5, 6, 7, 9, 10, 11, 13]
[0, 1, 2, 4, 5, 6, 7, 8]
[0, 1, 2, 3, 4, 5, 6, 7, 8, 9, 10, 11]
[0, 1, 3, 4, 5, 7, 9, 10, 11]
[0, 1, 3, 4, 5, 7, 9]
[0, 1, 2, 4, 5, 6, 7, 8, 9]
[0, 1, 5, 7, 8, 9, 11, 12]
[0, 1, 3, 4, 5, 6, 7, 8, 9, 12]
[0, 2, 3, 5, 6, 8]
[0, 1, 3, 4, 5, 6]
[0, 2, 3, 4, 6, 8, 9, 10]
[0, 1, 2, 4, 6, 7, 9, 10, 12, 13, 15]
[0, 2, 3, 5, 8, 10, 11, 12]
[0, 1, 3, 6, 8]
[0, 1, 2, 3, 4, 5, 7, 9, 11]
[0, 2, 4, 5, 6, 8, 9, 10, 12]
[0, 1, 2, 4, 6, 9]
[0, 1, 2, 3, 4, 5, 6, 8, 9]
[0, 1, 2, 4, 6, 7, 9, 10, 11, 12]
[0, 2, 4, 7, 9, 10, 11, 12]
[0, 1, 2, 3, 4, 5, 6, 7, 8, 9, 10]
[0]
[0, 2, 5, 6, 7, 8, 10, 11, 12]
[0, 1, 2, 3, 4, 6, 8, 9, 10]
[0, 2, 4, 5, 6, 7, 8, 9, 10, 11, 12]
[0, 3, 4, 5, 6, 7, 8, 9]
[2, 4, 5, 6, 8, 9, 10, 11, 12]
[0, 2, 3, 4, 7, 10, 11, 12, 13]
[3, 6, 7, 8, 10, 12]
[0, 1, 3, 5, 6, 8, 9, 11, 13, 14, 15]
[1, 4, 5, 6, 7, 9]
[2, 5, 6, 8, 11]
[0, 2, 4, 5, 7, 9, 10, 12]
[0, 1, 3, 5, 8, 10, 13]
[0, 1, 3, 5, 6, 7, 8]
[0, 3, 4, 7, 8, 9, 10, 11, 12]
[0, 1, 2, 3, 4, 7, 9, 10]
[0, 3, 4, 5, 6, 8, 11, 13, 14, 15, 16]
